BN373
PCA-all
Eigen vectors:
-0.4233395 0.8218772 -0.2196711 -0.3115224
-0.5579882 -0.007928871 -0.1189627 0.8212394
-0.5214284 -0.1435463 0.8065127 -0.2388391
-0.4873862 -0.5512255 -0.5358449 -0.4140959
Standard deviation:
1.663293 0.8327774 0.5844785 0.4453362

PCA-ex-montecarlo
Eigen vectors:
-0.5099884 0.8183059 -0.2651174
-0.633341 -0.1486614 0.7594597
-0.5820576 -0.5552253 -0.5940823
Standard deviation:
1.402833 0.8327473 0.5818858



ENC
PCA-all
Eigen vectors:
0.4546801 -0.7119053 0.3379627 0.4150157
0.5647854 -0.1113293 0.009703109 -0.8176363
0.5200083 0.1569299 -0.7726229 0.3286613
0.451525 0.6754033 0.5373461 0.2263066
Standard deviation:
1.714442 0.823924 0.5487357 0.2841268

PCA-ex-montecarlo
Eigen vectors:
0.5252157 -0.7782696 0.3441582
0.6340662 0.0881793 -0.7682346
0.567546 0.621708 0.5397876
Standard deviation:
1.42564 0.8163773 0.548706



ROD
PCA-all
Eigen vectors:
-0.4346815 0.770411 -0.1360695 0.4460986
-0.5644136 0.1290071 -0.1135619 -0.8074021
-0.5140266 -0.2698003 0.7879053 0.2054013
-0.4777719 -0.5630558 -0.5897406 0.3269682
Standard deviation:
1.684161 0.8549457 0.5563564 0.3509087

PCA-ex-montecarlo
Eigen vectors:
-0.4900487 0.8458747 -0.2105904
-0.6375284 -0.18303 0.7483699
-0.5944828 -0.500995 -0.6289628
Standard deviation:
1.407203 0.8450066 0.5529421



SL1344
PCA-all
Eigen vectors:
0.4486677 0.75921 -0.2631905 -0.3911882
0.5591132 0.04868916 -0.1229442 0.8184782
0.5143809 -0.1341308 0.8177861 -0.220561
0.4706401 -0.6350106 -0.4968314 -0.3583546
Standard deviation:
1.713314 0.8015495 0.5553067 0.337206

PCA-ex-montecarlo
Eigen vectors:
0.5287496 0.7830223 -0.3275665
0.6287876 -0.1021292 0.770841
0.5701316 -0.6135516 -0.5463555
Standard deviation:
1.43374 0.8002964 0.5512847



STMMW
PCA-all
Eigen vectors:
0.4243455 0.8269293 -0.1254732 -0.3469514
0.5557709 0.02508532 -0.1911652 0.8086689
0.5168125 -0.2067933 0.8159926 -0.1558765
0.4939175 -0.522298 -0.5309128 -0.448756
Standard deviation:
1.692067 0.8206215 0.5516342 0.3989842

PCA-ex-montecarlo
Eigen vectors:
0.5030791 0.8384371 -0.2096057
0.6307351 -0.1903868 0.7522805
0.5908338 -0.5106623 -0.6246114
Standard deviation:
1.425013 0.82031 0.5444533



t
PCA-all
Eigen vectors:
0.4394459 0.7203003 -0.1920598 0.5011664
0.5794193 0.1862962 -0.04298255 -0.7922875
0.5150824 -0.2967731 0.7589466 0.2657363
0.4537077 -0.5986542 -0.6206976 0.2247153
Standard deviation:
1.654355 0.919419 0.5798474 0.2855759

PCA-ex-montecarlo
Eigen vectors:
0.4608615 0.8575935 -0.2283421
0.6530666 -0.1534982 0.741581
0.6009249 -0.4908887 -0.630807
Standard deviation:
1.366822 0.8924067 0.5791436



ERS227112
PCA-all
Eigen vectors:
-0.4249758 -0.7395475 0.2155093 -0.4754164
-0.5799357 -0.1825336 -0.01903733 0.7937214
-0.521765 0.2998157 -0.727428 -0.3297278
-0.4591639 0.5743357 0.651185 -0.1877903
Standard deviation:
1.638925 0.9318604 0.5816693 0.3274491

PCA-ex-montecarlo
Eigen vectors:
-0.4410777 0.8748108 -0.2003911
-0.657203 -0.1627835 0.7359251
-0.6111749 -0.4562978 -0.6467284
Standard deviation:
1.356772 0.9060763 0.5815457



NCTC13441
PCA-all
Eigen vectors:
0.4092149 -0.8101101 0.195652 0.3714635
0.5662672 -0.08622617 0.01462837 -0.8195685
0.526968 0.2348125 -0.7489149 0.3260281
0.4839311 0.5302356 0.6329556 0.289876
Standard deviation:
1.68249 0.8705513 0.5314596 0.3590513

PCA-ex-montecarlo
Eigen vectors:
0.4703795 0.8587293 0.2032906
0.6457588 -0.1779431 -0.7425172
0.6014471 -0.4805416 0.6382328
Standard deviation:
1.402766 0.8659381 0.531412



SEN
PCA-all
Eigen vectors:
-0.4624792 -0.6969433 0.1266361 0.5332413
-0.5552124 -0.2530453 -0.2372843 -0.7559123
-0.4877691 0.4408445 0.7530452 -0.02569604
-0.4898299 0.5058599 -0.6004851 0.3789328
Standard deviation:
1.664862 0.8640418 0.5869496 0.3703469

PCA-ex-montecarlo
Eigen vectors:
-0.4933561 0.8644681 0.09640847
-0.6239996 -0.2745274 -0.7316141
-0.6059903 -0.4211051 0.6748675
Standard deviation:
1.410573 0.8282815 0.569415



SL3261
PCA-all
Eigen vectors:
0.4272043 0.7617794 -0.4157851 0.2535967
0.5681342 0.006933705 0.09811193 -0.817037
0.5349063 -0.06548003 0.7080061 0.4564155
0.4567223 -0.6444815 -0.5623382 0.2445897
Standard deviation:
1.666362 0.8553566 0.5841152 0.3878284

PCA-ex-montecarlo
Eigen vectors:
0.520423 0.7656998 -0.3779731
0.6440136 -0.06129606 0.7625544
0.5607195 -0.6402707 -0.525021
Standard deviation:
1.389258 0.855329 0.5817002



STM
PCA-all
Eigen vectors:
-0.426168 0.7732397 -0.2614144 0.3900561
-0.5552702 0.129491 0.06646432 -0.8188343
-0.5310713 -0.2418452 0.7176155 0.3801344
-0.4775135 -0.5717022 -0.6420849 0.1812857
Standard deviation:
1.65169 0.8685595 0.5490348 0.4648515

PCA-ex-montecarlo
Eigen vectors:
-0.4813963 0.8469785 0.2255772
-0.6435444 -0.1668186 -0.7470088
-0.5950699 -0.5047762 0.6253741
Standard deviation:
1.399821 0.8600181 0.5485151



EC958
PCA-all
Eigen vectors:
0.4201785 0.8068895 -0.2262796 -0.3481046
0.5661385 0.04641158 -0.04724402 0.8216454
0.5224629 -0.1865379 0.7741089 -0.3049452
0.4795516 -0.5585507 -0.5893395 -0.3327617
Standard deviation:
1.678239 0.8489187 0.5675536 0.3751428

PCA-ex-montecarlo
Eigen vectors:
0.496549 0.8315044 -0.2490774
0.6389232 -0.1558913 0.7533094
0.5875511 -0.5331964 -0.6086751
Standard deviation:
1.399982 0.8476754 0.5670073



BW25113
PCA-all
Eigen vectors:
0.4396411 -0.7885604 0.07893015 0.4226799
0.5599505 -0.01177698 0.4584831 -0.6900073
0.4978001 0.1072459 -0.8456742 -0.1597765
0.4953446 0.605419 0.2615309 0.5654229
Standard deviation:
1.623876 0.8594318 0.6834266 0.396652

PCA-ex-montecarlo
Eigen vectors:
0.5115926 0.7925506 -0.3318683
0.6419259 -0.09580874 0.7607574
0.5711428 -0.6022327 -0.5577738
Standard deviation:
1.376039 0.8593753 0.6066221



